# NEST version: 3.3
# RecordingBackendASCII version: 2
sender	time_ms
603	50.700
655	51.000
903	50.600
910	50.200
16	52.000
31	51.100
67	52.100
170	52.000
192	52.100
211	51.900
223	52.400
238	51.800
281	52.100
338	51.700
361	51.400
469	51.100
499	52.000
551	52.300
567	51.800
585	51.200
716	52.200
926	52.200
950	52.400
991	51.400
998	51.400
12	53.100
13	53.100
55	53.100
158	52.800
221	53.600
271	53.700
289	53.600
307	52.900
314	53.600
367	54.000
394	53.500
420	53.800
423	54.000
518	54.000
548	54.000
555	54.000
569	53.600
574	54.000
579	53.600
590	53.800
591	53.900
663	53.600
685	54.000
693	53.100
732	54.000
772	53.900
799	53.700
823	52.800
835	54.000
853	53.600
881	53.700
992	53.800
111	54.200
139	54.100
167	54.300
210	54.200
231	54.500
306	54.200
447	54.700
450	54.400
541	54.600
594	54.800
601	54.500
684	54.300
723	54.500
727	55.000
737	54.200
784	54.200
834	55.000
897	54.200
929	54.600
957	54.400
994	54.300
204	61.400
220	61.500
112	61.800
160	61.600
421	61.800
115	63.900
155	63.800
176	64.500
249	63.600
472	63.700
526	63.800
547	64.500
628	63.800
796	64.100
17	65.400
30	65.700
74	65.200
88	65.700
90	66.000
105	64.700
118	65.700
153	64.600
168	65.100
171	65.700
173	65.800
189	66.000
200	64.600
208	65.900
252	65.500
277	65.700
282	64.800
294	65.800
316	65.000
318	65.100
329	66.000
391	65.200
411	65.000
425	65.700
427	65.600
487	65.000
507	65.400
516	65.800
534	65.600
560	66.000
575	64.900
577	65.700
588	65.800
611	65.300
629	65.700
632	65.100
641	65.400
666	64.600
672	65.700
677	65.600
678	65.900
686	65.300
692	65.700
700	65.000
709	64.900
742	65.700
775	65.700
778	65.400
788	66.000
814	65.700
837	65.400
860	65.700
872	65.700
876	65.400
892	66.000
908	64.700
913	64.800
918	65.800
995	65.300
7	66.500
63	66.100
376	66.100
445	66.800
538	66.100
759	66.100
848	66.100
52	74.800
197	75.000
290	76.500
10	77.200
117	77.600
705	77.400
889	77.900
1	79.300
95	78.800
279	78.800
374	78.600
530	78.600
755	78.200
84	80.900
125	80.900
134	80.100
147	79.600
199	80.900
259	80.000
278	80.400
309	80.000
319	80.200
326	80.200
338	80.300
352	79.900
395	81.000
481	80.600
490	80.900
494	80.100
605	80.800
625	81.000
792	79.600
810	80.800
818	80.000
887	80.300
911	80.700
965	80.500
20	82.100
39	81.500
58	81.900
61	82.500
118	81.200
123	82.300
128	82.000
132	82.200
135	82.400
154	82.500
155	82.000
156	81.100
185	81.400
219	82.500
221	81.400
229	82.500
231	82.300
236	82.400
239	81.300
261	81.900
268	81.300
275	81.400
287	82.100
295	82.500
303	82.400
316	82.100
332	82.400
335	82.500
357	82.300
377	81.500
383	82.500
388	82.200
390	82.200
429	82.300
432	82.500
451	82.500
456	81.600
460	82.400
495	81.900
498	82.500
499	82.000
508	81.400
512	82.500
536	82.200
539	81.800
565	82.500
570	81.100
592	82.500
602	81.500
607	82.100
615	81.500
637	81.800
658	81.100
662	81.100
671	82.000
685	82.400
707	81.900
719	82.500
724	82.500
739	82.500
751	82.400
757	82.100
761	82.500
771	82.000
783	82.400
806	82.400
851	81.700
854	82.300
870	82.300
879	82.300
892	81.600
912	82.100
915	82.400
956	82.400
966	82.100
983	82.100
999	82.500
9	83.200
42	82.700
53	82.600
69	82.900
91	82.800
109	83.500
126	82.900
133	82.700
145	83.000
160	83.200
173	82.800
181	83.000
182	83.300
183	83.500
184	82.600
188	82.600
194	82.600
203	83.200
206	82.600
223	83.200
240	82.600
244	83.000
246	83.200
251	82.800
254	83.400
276	83.200
288	82.800
291	83.400
321	82.700
323	82.900
328	82.700
343	83.400
359	83.300
369	83.200
376	82.800
379	82.800
391	83.100
397	83.100
401	82.900
409	83.200
414	82.800
417	83.000
418	82.700
428	82.900
433	83.100
446	83.500
448	82.700
454	83.100
461	83.000
479	82.900
504	83.200
511	82.800
520	82.700
553	83.200
554	83.100
556	83.500
569	83.100
573	82.800
580	82.900
585	83.000
610	83.300
640	82.700
641	82.600
642	82.900
649	83.200
651	82.900
653	82.700
661	82.800
663	83.200
666	82.800
681	83.200
683	82.600
687	83.300
691	82.800
697	83.400
710	82.800
712	82.800
716	82.700
723	82.800
734	83.400
744	82.800
756	82.800
766	82.700
770	82.900
775	83.000
797	82.700
850	83.300
855	83.700
857	83.100
865	83.000
872	83.600
883	82.800
885	83.200
891	83.000
901	82.600
902	82.800
913	82.600
920	82.800
925	82.800
933	82.900
943	82.600
954	82.600
962	82.900
975	82.700
981	82.800
986	83.000
989	83.100
991	82.700
104	98.700
361	98.300
537	99.200
645	99.500
877	99.300
3	101.300
4	101.800
29	101.400
30	102.000
52	101.900
82	101.900
87	101.900
112	102.000
114	101.900
234	100.600
304	100.700
320	101.200
334	101.600
339	101.000
345	101.800
384	101.700
423	101.900
435	101.000
455	101.600
465	101.800
468	101.400
470	101.600
474	101.000
476	101.900
492	101.900
505	102.000
536	101.800
540	102.000
555	101.100
559	101.700
584	101.800
675	102.000
742	101.800
755	101.700
758	101.800
763	102.000
768	101.600
776	101.900
781	101.400
811	100.800
829	101.500
847	101.600
868	101.700
884	101.800
890	102.000
897	101.500
921	101.200
967	101.200
8	102.100
16	102.600
74	102.200
76	102.600
93	102.800
113	102.400
163	103.000
169	103.100
172	102.400
176	102.300
181	103.400
222	103.100
223	102.800
233	103.000
262	102.600
292	102.900
332	103.000
352	103.200
368	102.100
422	103.000
428	102.800
473	102.300
532	102.200
538	102.800
552	102.700
577	103.200
589	103.000
616	102.500
638	102.500
672	102.200
696	102.800
698	103.000
761	102.100
837	103.200
871	102.800
886	102.500
912	102.400
913	103.100
924	102.800
939	103.100
944	102.100
949	102.800
950	103.000
959	102.800
966	102.900
977	102.400
989	102.500
994	102.300
126	104.500
358	103.900
579	103.900
960	103.600
859	111.000
65	112.000
529	111.800
5	113.700
33	113.600
39	112.600
111	113.500
405	114.000
659	113.600
731	113.800
845	114.000
938	113.400
957	113.000
58	114.400
196	115.500
218	114.800
450	114.100
518	114.300
656	114.600
718	115.200
821	115.400
848	114.300
904	115.300
959	115.400
11	116.800
17	116.300
26	116.200
46	116.400
53	116.400
63	115.600
66	116.900
77	116.500
109	116.300
110	116.800
113	116.800
117	116.400
123	116.700
127	116.500
128	116.400
130	115.700
134	116.500
158	116.500
167	115.600
168	116.200
171	115.800
181	116.300
187	115.800
190	116.600
194	116.500
199	116.500
208	116.900
213	116.500
222	116.500
238	115.700
249	116.400
251	116.900
256	116.900
265	116.100
272	116.600
273	116.600
277	116.600
283	116.700
284	116.400
285	116.700
297	117.000
300	116.700
349	116.600
362	116.900
364	116.600
395	116.600
407	116.600
419	116.500
425	116.400
427	116.400
428	116.800
436	115.800
437	116.600
439	117.000
440	116.500
448	116.600
454	116.400
458	116.400
466	115.800
472	116.200
474	116.800
475	116.600
478	115.900
479	116.800
481	116.600
484	116.700
487	116.700
497	116.900
523	117.000
542	117.000
544	116.300
549	116.200
556	116.400
557	116.400
564	116.600
571	117.000
586	116.500
587	115.700
594	116.900
608	116.300
613	115.600
614	116.400
624	116.800
635	116.600
637	116.700
649	116.700
662	115.800
667	115.800
686	116.500
692	116.200
699	116.600
704	116.900
705	116.500
706	116.800
728	115.700
729	115.900
733	116.500
735	116.800
760	116.700
764	116.800
782	116.400
786	116.300
788	115.800
798	116.700
812	116.600
816	116.600
824	116.500
828	117.000
832	116.500
833	117.000
835	116.800
836	116.500
849	116.500
867	116.900
868	116.800
875	115.600
876	116.400
885	117.000
893	116.900
896	115.700
901	116.200
910	116.400
916	116.900
919	116.700
928	116.600
947	116.500
955	116.400
967	116.500
971	116.400
972	116.400
973	117.000
981	116.400
984	115.800
59	117.400
62	117.300
124	117.400
129	117.100
165	117.400
188	118.000
193	117.200
204	117.400
210	117.200
230	117.300
250	117.200
282	118.100
293	117.900
313	117.100
408	117.300
432	117.800
446	117.200
451	117.500
470	117.900
499	117.300
509	117.200
520	117.200
547	117.500
597	117.200
598	117.100
599	118.000
618	117.900
623	117.300
630	117.300
679	117.600
681	117.200
682	117.100
720	117.300
734	117.500
754	117.500
797	118.000
882	117.400
888	117.900
931	117.300
963	117.500
105	118.700
486	123.000
644	123.100
385	126.900
386	127.500
771	126.900
846	127.000
35	128.200
430	128.500
4	130.400
12	129.900
49	129.800
91	129.900
94	129.800
105	129.600
120	129.100
125	129.500
133	129.500
146	130.200
147	130.300
148	129.500
151	129.200
182	129.600
188	129.900
206	129.400
211	130.500
217	129.900
243	129.600
246	130.500
255	130.100
257	130.400
286	129.400
303	129.900
304	129.900
339	130.100
351	130.200
393	129.600
401	130.400
403	130.500
415	129.500
416	130.100
417	129.500
426	130.100
443	130.300
471	129.700
492	129.300
572	130.000
620	130.000
655	129.500
683	129.800
719	130.100
739	130.300
758	129.800
762	130.400
777	129.900
810	129.700
826	130.300
831	129.800
861	129.900
915	129.700
919	130.200
989	129.200
995	130.300
389	130.800
503	131.500
512	131.700
779	131.500
871	131.600
154	132.700
413	133.300
567	133.400
629	132.300
741	132.100
747	133.300
849	132.400
852	132.700
875	132.500
901	132.300
991	132.300
5	133.900
13	134.200
31	134.400
47	133.800
53	133.700
103	133.600
107	134.100
108	133.900
114	133.800
128	134.700
229	134.000
236	134.000
257	134.700
278	133.900
287	134.600
289	135.000
307	133.900
337	133.900
346	133.600
459	134.100
462	133.900
489	133.700
493	134.200
500	134.400
538	133.900
556	134.000
570	134.800
605	134.100
661	133.800
670	134.100
728	134.100
766	134.800
817	134.200
845	133.900
855	134.800
900	133.900
906	133.600
909	134.000
951	134.400
77	136.100
99	135.100
157	135.800
167	135.200
221	135.900
423	136.300
495	135.600
525	136.500
878	136.100
907	136.200
89	137.600
132	137.700
133	137.200
141	137.500
191	137.800
247	137.300
273	137.500
334	137.700
369	137.600
479	137.700
702	136.600
744	136.900
769	137.400
22	138.600
279	139.100
284	139.200
324	139.500
624	138.600
643	139.000
682	139.400
712	138.400
833	139.000
47	139.800
71	140.000
262	139.900
291	139.900
448	139.900
586	139.600
631	139.600
891	139.700
980	140.000
694	142.500
144	143.300
482	143.400
562	142.600
565	143.400
422	145.100
622	144.200
709	144.800
954	145.300
394	145.800
4	148.500
190	147.700
319	148.100
480	148.300
597	148.200
651	148.300
824	148.400
871	148.100
917	147.900
929	147.900
945	147.900
171	148.800
754	148.700
256	152.900
921	152.500
927	152.800
947	152.000
953	153.000
937	153.400
402	157.300
490	156.600
42	158.700
59	158.300
296	157.600
366	158.900
391	157.600
645	157.800
738	158.000
745	158.700
795	158.900
807	158.000
833	158.800
872	159.000
944	158.900
957	157.900
40	160.100
68	160.500
213	160.200
220	159.900
250	160.200
406	160.300
481	159.600
649	160.500
705	159.500
740	159.100
874	160.200
63	161.500
66	161.700
137	160.900
191	161.500
274	161.500
311	161.700
449	161.800
456	161.700
491	161.500
496	162.000
553	161.300
564	162.000
590	161.500
726	161.500
826	162.000
893	161.200
943	161.000
966	161.600
988	161.500
7	162.700
13	162.400
55	162.600
82	163.300
83	162.700
84	162.800
109	162.500
121	162.400
128	162.400
139	163.200
146	162.700
158	162.400
162	162.700
164	162.600
177	162.500
180	162.900
187	163.000
218	163.300
230	162.700
271	162.800
283	162.600
286	162.500
293	162.600
317	163.100
329	162.400
346	162.400
401	163.100
405	162.600
429	162.600
436	163.200
440	162.700
463	162.900
469	162.500
488	162.800
502	162.800
510	162.500
573	162.700
594	162.100
609	163.200
660	162.600
664	162.700
682	163.000
693	162.500
698	162.600
700	162.900
716	162.800
737	162.200
782	162.300
822	162.400
845	163.000
852	162.400
864	163.500
870	162.500
873	162.500
882	162.600
915	162.300
963	162.600
971	162.700
38	163.800
39	163.700
151	163.600
153	164.200
156	164.900
231	164.100
289	163.800
313	164.000
322	163.900
332	163.900
565	163.900
619	163.800
723	164.300
489	165.500
719	165.100
21	167.400
94	169.200
551	169.500
934	168.500
74	171.000
330	170.100
337	170.900
623	170.900
710	171.000
31	171.200
96	172.000
108	172.100
175	171.800
198	172.200
254	172.000
257	171.700
291	171.900
328	172.300
333	171.300
348	171.900
385	172.500
516	172.100
518	172.000
539	171.500
585	172.000
591	171.700
638	171.800
688	172.500
704	171.700
735	172.000
739	172.000
769	171.800
772	171.900
828	171.600
844	172.400
957	171.800
969	171.600
980	171.500
995	171.500
999	172.000
37	174.000
193	175.400
80	177.000
321	176.000
411	175.800
749	176.700
36	177.400
55	177.700
75	178.400
110	177.300
200	177.600
204	177.700
223	178.100
225	178.100
275	178.100
276	178.200
299	177.700
324	178.100
334	178.100
347	178.100
373	178.200
392	177.800
425	178.100
436	178.400
451	178.200
458	178.100
477	178.400
555	177.100
558	178.500
576	178.000
662	178.100
668	178.400
790	177.200
806	177.900
832	177.600
869	177.700
892	177.300
916	178.400
939	177.600
1	178.600
5	179.100
104	179.400
114	179.200
160	179.100
172	179.600
187	179.000
216	179.200
264	179.200
295	179.300
297	178.700
304	179.300
307	179.300
318	179.300
343	179.500
344	179.200
351	179.400
370	178.900
388	179.000
396	179.400
431	179.000
454	179.200
473	179.100
487	179.500
489	178.900
532	178.700
559	179.000
562	178.900
567	178.900
578	178.700
598	179.300
602	179.100
615	179.100
624	178.900
637	179.000
667	179.000
733	179.000
744	179.300
762	179.000
770	178.900
775	179.100
791	178.900
809	179.300
814	179.400
840	178.900
872	179.400
890	179.400
897	179.100
934	179.400
951	179.200
955	179.100
962	179.500
972	179.200
983	179.400
984	179.200
988	178.600
953	180.100
544	181.900
397	187.100
117	188.200
211	189.000
727	188.300
948	187.600
993	187.900
21	189.500
26	189.900
989	190.500
997	190.400
85	191.100
116	191.800
168	191.600
224	191.600
229	192.000
231	192.000
298	191.700
323	191.900
386	191.600
453	191.800
6	193.400
17	192.300
20	192.100
40	192.600
45	193.300
60	193.000
63	193.300
66	193.000
71	192.400
91	192.800
100	193.000
101	192.900
121	192.200
128	193.100
144	193.200
156	192.900
183	192.800
188	193.200
199	193.300
208	192.900
215	192.800
256	192.500
258	192.500
292	192.500
304	193.300
310	192.800
316	192.500
325	193.300
331	192.400
359	193.100
361	192.900
362	192.800
378	192.800
383	193.300
393	193.300
405	192.900
410	193.400
411	192.700
434	192.800
448	192.900
451	192.600
465	192.200
466	192.400
479	193.400
491	192.300
542	193.000
544	192.500
570	192.700
572	192.900
580	192.900
582	193.200
606	193.200
610	193.300
617	192.900
634	193.300
644	193.000
652	193.300
669	193.400
677	192.800
701	192.400
707	192.600
734	192.300
742	193.000
747	192.700
770	192.700
785	193.300
786	192.500
802	192.400
804	193.000
810	193.000
822	193.000
835	193.100
841	193.200
843	193.200
855	192.600
866	192.100
882	193.200
898	193.100
917	192.300
952	193.000
964	192.800
983	193.300
991	192.800
998	193.200
1000	192.400
223	194.100
291	193.800
915	193.700
986	193.600
936	202.500
16	203.000
170	202.800
301	203.000
460	203.400
470	203.600
496	203.100
636	203.200
540	205.300
756	204.100
982	205.000
342	208.400
490	208.300
514	208.300
665	208.400
704	207.200
43	208.900
52	209.900
62	209.500
93	210.000
109	209.900
211	209.500
235	209.800
241	208.900
247	209.000
265	209.600
268	209.600
277	209.700
280	209.600
353	209.400
363	209.900
379	209.900
413	209.400
444	209.000
445	209.800
462	209.600
472	210.000
525	209.200
536	209.900
554	209.600
556	209.900
587	209.900
682	209.500
697	210.000
739	209.500
784	209.000
812	209.600
820	209.100
824	209.000
842	209.500
856	209.100
863	209.500
880	209.400
905	209.700
909	209.800
918	209.600
928	209.900
945	209.700
959	209.600
34	210.300
35	211.200
67	211.300
72	211.300
84	211.100
144	211.400
146	210.200
153	210.300
157	210.300
167	210.100
190	210.100
236	210.200
239	211.300
254	211.200
272	211.400
284	210.200
285	210.700
304	211.000
318	211.200
340	210.100
356	211.400
360	211.200
399	211.200
436	211.500
458	210.200
461	211.500
463	211.300
494	211.500
506	211.200
575	210.400
612	211.300
622	210.200
648	211.200
650	210.100
671	211.100
678	211.200
681	210.300
699	211.300
702	211.100
725	210.900
740	211.000
773	210.400
777	211.200
793	211.200
823	210.100
849	211.100
921	211.500
935	211.100
979	211.200
117	212.300
133	212.000
289	212.000
466	212.300
551	212.100
552	211.600
603	211.600
790	211.900
805	211.800
874	212.000
934	212.200
939	212.300
244	220.300
74	221.800
78	221.300
425	221.600
656	223.400
251	223.800
341	224.900
373	225.000
484	224.500
606	223.700
782	224.800
854	223.900
1000	225.000
155	226.300
394	225.900
641	225.200
2	227.000
10	226.900
22	227.800
25	227.300
32	227.500
38	226.700
64	227.300
77	227.300
92	226.700
107	227.600
111	226.600
115	227.200
119	227.700
125	227.200
128	227.500
129	227.800
133	226.800
134	227.400
150	227.300
162	227.300
174	227.300
176	227.600
183	226.900
195	227.100
202	227.700
213	227.400
219	227.300
223	226.800
230	227.600
233	226.700
246	227.300
270	226.700
284	227.600
292	226.800
307	227.400
313	227.100
327	227.400
337	227.400
342	227.500
349	227.800
362	227.500
369	227.600
397	226.600
402	226.700
407	227.600
419	227.400
431	227.100
470	227.100
480	226.700
481	227.400
486	227.700
489	227.000
494	227.600
495	227.900
497	227.000
499	227.400
501	226.800
502	227.100
503	227.400
509	226.600
512	227.300
515	226.900
519	227.000
524	227.700
544	226.900
571	226.900
588	227.400
590	227.900
592	226.800
597	227.500
599	226.800
601	226.900
602	227.100
621	227.300
625	227.100
635	227.200
640	226.800
646	227.300
649	227.800
651	227.000
652	227.600
657	227.000
658	227.600
661	227.000
669	226.600
690	227.100
716	227.000
749	227.900
750	226.600
771	227.500
778	227.000
783	227.600
786	227.600
789	227.600
790	227.000
792	227.100
795	226.700
803	227.400
809	226.800
815	227.700
823	227.600
831	227.100
833	227.100
836	227.200
847	226.800
857	226.800
866	227.300
870	226.900
881	227.200
888	226.900
889	227.300
895	227.600
901	227.100
936	226.900
947	226.600
949	227.500
964	227.400
969	226.800
975	227.300
982	227.100
26	228.300
55	228.200
151	228.500
255	228.300
296	228.200
357	228.300
428	228.400
432	228.800
437	228.700
539	228.900
546	228.300
706	228.300
747	228.200
752	228.400
754	228.900
859	228.400
877	228.400
930	228.700
941	228.900
950	228.300
961	228.500
966	228.400
972	228.800
178	238.500
537	238.500
719	238.200
159	238.700
208	239.100
229	238.700
263	239.000
282	239.600
299	239.100
350	239.100
375	239.900
377	239.600
415	239.700
438	239.300
439	239.000
626	239.100
628	239.600
714	239.500
740	239.000
816	239.500
844	239.600
938	239.100
11	240.600
22	240.700
99	241.500
105	240.900
132	240.400
139	241.000
172	241.200
227	240.400
235	241.200
247	241.200
303	241.200
346	240.500
414	240.200
428	240.800
520	240.700
531	240.700
532	240.200
533	240.500
591	240.500
595	240.300
650	240.700
673	241.200
705	240.900
709	240.500
817	240.400
874	240.600
898	241.100
932	241.400
942	240.900
946	240.700
203	242.600
209	241.600
333	242.200
378	242.800
406	242.700
426	242.600
474	242.800
475	242.500
487	243.000
517	243.000
551	242.200
604	242.900
836	242.300
894	243.000
906	243.000
976	242.500
998	242.500
14	244.000
41	243.900
116	243.200
138	244.400
258	243.600
319	244.500
323	243.700
340	244.200
360	244.000
398	244.100
422	244.100
490	244.100
495	244.000
516	243.100
721	244.000
753	243.500
764	243.700
775	244.100
813	243.300
847	244.000
901	243.300
959	243.900
1	245.500
2	245.800
9	246.000
16	245.200
17	245.700
46	245.300
47	245.800
53	245.600
58	245.700
59	245.800
60	245.700
67	245.700
84	246.000
86	245.600
95	245.700
100	244.900
108	245.800
112	245.600
114	245.600
118	245.300
144	244.900
145	246.000
146	245.800
156	245.800
161	245.700
163	245.600
167	244.600
173	245.300
174	245.900
176	245.800
184	246.000
185	245.800
191	245.400
196	245.000
199	245.000
204	245.400
214	245.700
219	245.300
221	245.700
260	244.900
262	245.000
273	245.300
287	245.700
293	245.700
314	244.800
325	245.300
327	245.900
336	245.700
338	245.400
341	244.800
349	246.000
361	245.600
369	245.700
388	245.800
395	245.700
403	245.700
412	245.800
434	245.300
441	244.900
443	245.800
447	245.800
455	245.800
462	245.300
471	244.900
479	245.900
482	244.700
506	245.300
521	245.200
536	245.600
539	245.900
549	245.100
556	245.800
559	245.200
560	245.600
561	245.700
586	245.000
589	245.100
590	244.700
596	245.800
615	245.500
645	245.700
656	245.800
668	245.700
678	245.700
697	245.600
701	245.400
703	246.000
706	245.700
708	245.800
715	244.800
717	244.700
724	245.800
744	245.700
754	245.700
758	245.400
766	245.800
779	245.500
780	245.200
783	245.900
784	244.800
789	245.600
790	245.800
797	245.700
803	245.600
819	245.600
820	245.300
822	245.100
823	245.800
827	245.100
837	245.800
841	245.300
843	245.800
849	245.400
854	244.900
856	245.800
858	246.000
863	245.500
865	245.300
871	245.700
880	245.200
892	245.000
930	245.800
931	245.100
932	245.800
938	245.700
943	245.800
953	245.800
955	245.600
958	245.700
962	245.700
966	245.800
971	245.500
981	244.800
984	245.800
987	245.400
994	245.600
1000	245.500
6	246.700
11	246.800
27	246.600
70	246.900
72	246.600
87	246.800
93	246.700
94	246.300
101	246.400
111	246.200
120	246.600
129	246.400
131	246.400
134	246.100
141	246.200
154	246.600
164	246.400
169	246.700
179	246.700
189	246.600
190	246.800
193	246.600
209	246.800
210	246.600
218	246.600
222	246.400
236	246.600
247	246.900
250	246.500
253	247.000
255	246.700
280	247.000
284	246.200
297	246.500
302	246.500
306	246.700
309	246.400
315	246.400
335	246.400
358	246.800
362	246.500
370	246.400
394	246.600
399	246.500
405	246.400
416	246.600
417	246.200
418	246.500
419	246.500
420	246.800
431	246.400
432	246.100
435	246.200
436	246.600
442	246.400
456	246.600
463	246.700
480	246.400
485	246.600
520	246.400
522	246.100
537	246.200
547	246.400
553	246.800
555	246.900
558	246.400
572	246.800
573	246.600
579	246.300
591	246.600
593	246.400
620	246.800
629	246.600
634	246.400
639	247.000
665	246.100
669	246.600
677	246.800
684	246.700
686	246.800
688	246.300
691	247.000
692	246.800
698	246.600
711	246.700
723	246.100
730	246.500
734	246.200
736	246.500
745	246.300
748	246.700
749	246.500
762	246.500
768	246.800
782	246.200
791	246.200
801	247.000
807	246.200
810	246.600
811	246.200
816	246.700
850	246.600
873	246.100
905	246.400
908	246.100
913	247.000
940	246.600
945	246.600
951	246.600
995	246.500
140	262.300
186	261.100
799	262.300
443	263.800
624	263.900
833	263.400
32	264.700
35	265.500
40	264.400
45	265.000
49	264.600
85	264.100
125	265.300
202	264.800
273	264.600
288	265.300
289	264.800
296	264.700
337	264.400
365	264.600
367	265.200
378	265.100
380	264.700
393	264.900
444	265.000
493	265.200
494	265.200
515	265.400
517	264.900
544	265.200
583	265.000
607	264.500
634	264.900
648	265.200
665	265.100
725	264.200
763	264.900
823	265.300
824	264.600
839	264.800
852	265.400
877	265.300
893	265.200
990	264.900
188	265.700
566	265.600
767	266.500
867	265.800
987	265.900
374	274.400
36	275.000
206	275.900
870	275.200
130	276.900
322	277.500
545	276.200
629	277.300
646	276.700
732	277.500
802	276.500
950	276.700
31	278.100
204	277.600
220	277.900
275	278.500
316	278.500
323	278.400
349	277.700
384	279.000
451	277.900
639	278.100
694	278.300
851	278.200
953	278.100
5	280.100
63	279.600
77	279.600
83	280.200
95	279.400
97	280.300
124	279.900
149	280.100
181	280.100
237	280.400
270	279.700
279	280.400
283	279.700
288	280.100
319	280.300
338	280.200
353	279.600
355	280.100
364	279.400
370	280.100
395	280.200
411	279.200
424	280.300
431	279.500
436	280.000
438	280.000
455	280.400
478	279.700
480	279.600
499	280.400
514	279.500
518	280.300
532	279.800
570	280.300
585	280.200
608	279.700
623	280.400
642	280.000
652	280.300
723	279.200
728	280.400
771	280.300
795	280.400
832	279.300
888	280.400
901	279.100
919	279.800
936	279.200
941	279.400
942	279.800
944	279.800
955	279.200
975	280.000
999	279.500
26	281.500
70	281.200
327	280.600
372	280.700
390	280.600
429	281.900
433	281.100
528	281.600
577	281.500
708	280.600
745	281.300
761	280.600
800	281.300
821	281.600
864	280.600
472	282.700
479	283.000
6	284.800
301	285.000
336	284.900
387	283.800
430	285.000
521	284.700
535	283.600
753	283.700
759	284.600
816	284.800
826	283.900
840	284.000
938	284.400
948	284.800
53	285.400
165	286.000
177	285.500
202	286.100
246	285.100
267	286.400
285	286.200
295	285.500
371	285.700
402	285.900
475	286.100
509	285.500
525	286.000
578	286.400
682	286.200
694	285.600
726	286.000
757	286.500
835	285.500
878	286.400
929	286.300
42	287.400
80	287.200
148	287.300
161	286.700
187	287.200
239	287.100
248	287.500
255	287.500
276	287.100
302	287.600
360	286.800
432	287.900
435	288.000
467	287.500
542	287.300
547	286.600
563	287.700
575	286.700
675	287.200
693	287.600
710	287.400
775	287.700
827	287.700
830	287.700
838	287.300
920	286.800
951	286.600
976	287.100
7	288.600
8	288.300
28	288.700
43	288.700
58	288.400
118	288.600
123	288.400
141	288.900
154	288.700
182	288.300
185	288.300
219	288.300
224	288.100
258	289.500
265	288.200
266	288.400
274	288.500
294	288.400
304	288.500
330	289.100
341	288.800
348	288.900
349	288.700
386	288.500
399	288.200
425	288.400
448	288.600
484	288.200
488	288.600
502	288.700
517	288.600
533	289.300
567	288.300
595	288.600
597	289.500
616	288.200
669	288.600
679	288.400
709	288.300
717	289.500
730	288.300
734	288.700
737	288.800
744	289.500
754	288.700
795	288.600
814	288.300
843	288.800
861	288.800
880	288.600
960	288.700
980	288.400
981	288.700
987	288.600
996	288.200
17	289.800
60	289.700
62	289.600
108	289.800
144	289.700
176	289.800
200	289.800
216	290.000
218	289.700
305	289.700
568	289.700
636	289.800
655	289.900
684	289.700
688	289.700
789	289.800
797	289.600
873	289.600
899	289.700
912	289.800
934	289.600
526	294.600
635	294.600
937	295.000
956	295.100
5	296.900
22	296.300
41	296.600
241	297.000
261	296.900
462	296.800
466	296.400
507	296.500
538	297.000
839	296.500
853	296.800
957	296.300
137	297.900
166	297.800
213	298.100
366	297.400
368	298.500
551	297.700
618	297.600
634	298.400
746	297.800
796	297.600
905	297.500
909	297.100
64	299.600
168	299.200
348	300.000
865	299.900
993	300.000
